segment_id,segment_text,real_p_caught,gpt4o_emulated_p_caught,diff,abs_diff
2,They'd had the games all scheduled for the diamond at Homestead High School.,40,86,-46,46
34,and she said “That guy is right on your tail!”,47,92,-45,45
20,but I hurried up and got in there ahead of him.,41,85,-44,44
70,the guy stops way far away from the intersection.,49,91,-42,42
26,"and we're headed up there towards that diamond,",29,65,-36,36
54,"I'd really feel bad if I read the papers the next day that the guy,",47,12,35,35
47,"so I figured that when we get up to this stop sign I'm going to go back and find out what his problem is,",42,75,-33,33
9,"there's this guy sitting over here to the right,",62,92,-30,30
68,So they started down there.,59,29,30,30
55,some guy died with a heart attack and there I was thinking he was drunk.,36,7,29,29
25,"So we went on across as soon as traffic cleared,",35,64,-29,29
13,"and he's blocking off the lane,",69,98,-29,29
28,"and this guy's following us see,",69,97,-28,28
5,"and getting ready to turn there, at Ranch Eggs,",32,59,-27,27
72,"and he throws his car into reverse,",69,95,-26,26
62,"and I got out the car,",58,35,23,23
12,And he starts creeping out onto Twenty-four,54,75,-21,21
8,"and as I was slowing down,",23,2,21,21
42,I'm thinking how drunk driving is the number one killer of kids and all this business.,64,84,-20,20
80,Ha ha it's pretty comical...,33,53,-20,20
11,Looked like he's about in his middle fifties.,46,65,-19,19
7,"got my turn signal on,",25,44,-19,19
31,"We're going up this hill,",29,10,19,19
63,"walked over there,",51,33,18,18
23,He's sitting there right in the middle of the highway.,66,84,-18,18
53,You gotta do something.,39,21,18,18
58,"so we pulled up to the stop at this sign,",55,72,-17,17
59,and right across the road stopped a sheriff's car.,81,97,-16,16
1,About a month ago see we were going to a church league softball game...,80,96,-16,16
18,"pulls out in the lane,",34,19,15,15
56,And I didn't really want to get involved to be honest with you.,32,47,-15,15
64,"and said to this deputy “This guy behind me is either sick or he's drunk,",78,93,-15,15
22,Mean he's got Twenty­-four blocked.,58,73,-15,15
60,"So I motion for him to come over,",76,90,-14,14
61,"and they whip across the road,",44,30,14,14
38,"He starts weaving back and forth,",82,96,-14,14
14,and he's heading for the same spot that I'm going.,22,35,-13,13
74,"When the cops went down there to check him out,",54,66,-12,12
76,"Pretty soon they catch up with him,",49,61,-12,12
52,you know.,16,4,12,12
41,And all the time this is going on...,12,0,12,12
44,So I was trying to make up my mind what to do.,42,53,-11,11
19,"I thought ""you jerk""...",38,27,11,11
50,"but at the same time if he's sick,",74,85,-11,11
30,At Ranch Eggs.,31,20,11,11
40,Really ...bad news.,15,5,10,10
65,but he's got a problem.,60,70,-10,10
24,Got it blocked.,53,43,10,10
57,"But I had made up my mind that I was going to,",38,47,-9,9
45,I was pretty sure he was drunk...,81,90,-9,9
39,couldn't keep it in one lane.,80,89,-9,9
27,"and it's about ... maybe mile, two miles... north of Twenty­-four on Aboite Center,",38,30,8,8
81,I don't know if they ever stopped him or not.,53,61,-8,8
16,Right there in the median?,13,6,7,7
48,"'cause I'm thinking he's drunk,",37,30,7,7
79,and he's just driving real slow and careful.,58,65,-7,7
15,You know how you sit there and wait for the traffic to get by?,12,5,7,7
69,"And as soon as he sees me get out of the car and walk over there to the police car,",32,25,7,7
46,at least he appeared that way...,79,86,-7,7
33,"And Lisa was with me,",49,43,6,6
17,"This guy starts,",6,0,6,6
35,"I looked in the mirror and sure enough he's right up there practically bumper to bumper,",61,67,-6,6
43,How it's everybody's responsibility.,17,22,-5,5
6,"and I was slowing down,",22,17,5,5
51,"like maybe he's having a heart attack or something,",73,68,5,5
3,You know where that's at?,5,0,5,5
78,"and they make a U­-turn in the road and start following him,",67,72,-5,5
77,"and he starts forward again,",57,62,-5,5
10,coming on to Twenty­-four.,37,41,-4,4
21,And he sits there and waits on.,6,10,-4,4
37,make sure he doesn't slam into me or anything.,23,20,3,3
4,"Well we're going up Twenty­-four,",73,76,-3,3
32,and this guy's right on my tail.,73,70,3,3
66,He can't keep his car on one side of the road.”,55,57,-2,2
36,"and I'm trying to keep an eye on him,",23,22,1,1
71,"He stops,",21,22,-1,1
49,"and I know I oughta do something about it,",23,24,-1,1
73,and starts backing up.,61,60,1,1
75,he starts backing up going backwards down that road.,51,52,-1,1
67,And I said “He's got a definite problem...”,44,43,1,1
29,as we're going up there this little hill right there.,32,32,0,0
