segment_id,segment_text,real_p_caught,gpt4o_emulated_p_caught,diff,abs_diff
8,Truth is I wasn't very fond of her because she was –,60,100,-40,40
32,That was the end of my rookie year.,61,22,39,39
7,I never observed it.,34,0,34,34
13,He arrived at my apartment.,70,100,-30,30
6,And it seemed she was trying to impress me.,64,88,-24,24
20,And we went to where they found her scarf – near a park.,88,66,22,22
31,and left.,67,88,-21,21
5,And in those days I was a fitness enthusiast.,57,77,-20,20
11,"Goodness, she could talk.",77,88,-11,11
15,I managed to calm him down.,44,33,11,11
29,And I did.,78,88,-10,10
30,I transferred.,78,88,-10,10
14,Big intimidating look on his face.,57,66,-9,9
10,She was a chatterbox.,80,88,-8,8
16,and proposed “Well we'll search for her,80,88,-8,8
9,She was a charming girl until she opened her mouth.,80,88,-8,8
21,and we traced down a little more,61,55,6,6
12,Then she left a message one day saying she was going to run away because he was always scolding her about me.,94,100,-6,6
27,But – nevertheless – that resolved the issue for that day.,17,11,6,6
24,– it was a police station –,82,88,-6,6
25,she was sitting on a chair with a book in her hands.,93,88,5,5
23,And returned,50,55,-5,5
1,"Back in the days when I was a rookie in the police force, the Chief was a veteran.",95,100,-5,5
3,or had been awarded for bravery.,27,22,5,5
17,and if we can't locate her well you can – do whatever you think is right.”,71,66,5,5
18,I was strategizing.,37,33,4,4
22,and we couldn't locate her.,63,66,-3,3
19,So he accepted my offer.,58,55,3,3
28,"But that evening the deputy, Frank Mitchell, said “You better transfer and leave because that old man never forgets anything once he gets it into his mind.”",86,88,-2,2
26,She hadn't run away.,87,88,-1,1
2,He had caught a notorious criminal –,23,22,1,1
4,But he had – a young daughter.,88,88,0,0
