segment_id,segment_text,real_p_caught,gpt4o_emulated_p_caught,diff,abs_diff
31,and stayed out of sight.,49,91,-42,42
30,I laid low,49,91,-42,42
8,Truth is I didn't take to him much because he had –,59,100,-41,41
15,I talked her down,37,78,-41,41
29,And I did.,49,89,-40,40
10,He had poor manners.,62,100,-38,38
11,Goodness gracious he had poor manners.,62,100,-38,38
26,He hadn't run away.,59,96,-37,37
9,He was a charming lad until you saw his manners.,64,100,-36,36
21,and we trailed a bit more,55,89,-34,34
27,But – however – that resolved it for that day.,14,45,-31,31
24,– it was a treehouse club –,60,89,-29,29
22,and we didn't find a trace.,53,82,-29,29
19,So she took my advice.,58,85,-27,27
20,And we went to where they found his baseball cap – near the old mill,70,96,-26,26
2,She had adopted at least twenty –,79,54,25,25
13,She came to my treehouse.,74,98,-24,24
3,or had given them homes.,78,54,24,24
17,"and if we can't locate him, you can – go ahead and call the police if you need to.”",57,80,-23,23
16,and said “Well we'll go find him,67,89,-22,22
18,I was strategizing.,19,40,-21,21
28,"But that evening the local sheriff, Officer Dawson said “You better lay low and stay out of sight because that woman never forgets anything once she gets it into her mind.”",76,96,-20,20
25,he was sitting on a branch with a comic book in his hand.,81,100,-19,19
23,And returned,39,57,-18,18
6,"And apparently, he was trying to befriend me.",71,89,-18,18
14,Big old tabby cat in tow.,37,52,-15,15
32,That was the second time.,22,8,14,14
12,Then he left a note one day saying he was going to run away because she was always nagging about me.,86,100,-14,14
7,I never caught on.,50,36,14,14
5,and back then I was quite the tomboy.,66,56,10,10
1,"In the neighborhood I grew up in, Mrs. Baker was the resident cat lady.",96,92,4,4
4,But she had – a young grandson,82,82,0,0
