segment_id,segment_text,real_p_caught,gpt4o_emulated_p_caught,diff,abs_diff
16,And . . .; I couldn't help but laugh â€“ uncontrollably.,61,93,-32,32
9,and I told her I wasn't interested.,54,86,-32,32
6,- this was at our favorite spot in the woods -,39,13,26,26
3,and we were enjoying a peaceful afternoon.,39,63,-24,24
17,"And naturally, the first thing to do was to get revenge,",66,89,-23,23
18,"and I said, ""Just you wait,"" I said, ""you'll get yours soon enough.""",76,94,-18,18
15,and handed it to me.,51,68,-17,17
13,"When I emerged from the water, there was a frog on the shore,",81,66,15,15
2,This happened during our annual summer camping trip,80,94,-14,14
1,My best friend pushed me into the lake.,86,100,-14,14
7,and she dared me to catch it.,80,94,-14,14
4,"The reason it all began,",12,1,11,11
5,she spotted a frog near the water's edge or,67,77,-10,10
10,"'Course friends, y'know, they don't always take no for an answer.",39,30,9,9
8,I had just sat down to eat my sandwich,62,56,6,6
11,So that's when she snuck up behind me,92,96,-4,4
12,and gave me a little nudge.,93,97,-4,4
14,she just scooped it up,72,70,2,2
