segment_id,segment_text,real_p_caught,gpt4o_emulated_p_caught,diff,abs_diff
2,I was staying in a small town about five miles from here.,14,63,-49,49
7,"There were only two of us siblings, my sister and me.",57,8,49,49
17,"As I approached the church, I hesitated for a moment.",37,78,-41,41
45,"I couldn't be sure, but it definitely changed my perspective on faith and the power of prayer.",51,84,-33,33
39,That day marked the beginning of his recovery.,64,96,-32,32
42,We became more grateful for the time we had together.,16,48,-32,32
37,He hadn't been able to leave his bed for months without assistance.,84,53,31,31
23,I thought about my grandpa and how much he meant to our family.,11,41,-30,30
4,"It was a quiet afternoon, and I was alone in the store.",30,59,-29,29
8,My parents had gone out of town for the weekend.,41,69,-28,28
43,I often thought back to that day in the church.,27,52,-25,25
20,"On the other hand, she also said that prayers without faith were useless.",51,26,25,25
25,I knelt down in front of the altar.,68,92,-24,24
47,He celebrated his ninetieth birthday surrounded by family and friends.,76,53,23,23
19,I remembered my grandma always saying that prayers from a sincere heart could bring miracles.,59,79,-20,20
44,I wondered if my prayer had anything to do with my grandpa's recovery.,48,66,-18,18
51,"My grandpa passed away a few years later, but his spirit lives on in our hearts.",41,23,18,18
49,That experience happened almost twenty years ago.,45,28,17,17
35,I locked up the store and rushed home.,59,42,17,17
28,"Please help him regain his strength and guide us in taking care of him.""",76,92,-16,16
31,"Suddenly, I felt a strong urge to go home.",77,93,-16,16
27,But I am asking you with all my heart to heal my grandpa.,84,100,-16,16
16,"I was only a short distance away, maybe a quarter-mile.",31,46,-15,15
50,It remains a vivid memory in my mind.,21,34,-13,13
38,My sister told me that he had suddenly felt a surge of energy and was able to stand up and walk.,75,86,-11,11
40,He gradually regained his strength and independence.,60,50,10,10
32,It was as if something was pulling me towards the house.,37,47,-10,10
41,It was a turning point in our lives.,31,41,-10,10
5,"My grandpa, who had been bedridden for almost a year, was at home with my sister.",91,82,9,9
53,I remember the power of faith and the miracles it can bring.,44,52,-8,8
13,"It spoke to me again, repeating the same message.",83,75,8,8
6,"She had to care for him daily, as he couldn't move around on his own.",81,74,7,7
24,"Finally, I went inside the church and found a candle.",86,80,6,6
10,"It said, ""If you go to the old church down the street and light a candle for your grandpa, he will get better.""",93,99,-6,6
1,"Let me share a story from when I was twenty-two years old, just fresh out of college.",81,76,5,5
11,"I looked around the bookstore, but no one was there.",39,44,-5,5
33,I didn't hear any voice this time.,38,33,5,5
29,"After saying my prayer, I returned to the bookstore.",65,70,-5,5
21,I admitted to myself that I was far from being a saint.,20,25,-5,5
34,It was just an overwhelming feeling that I needed to go.,41,46,-5,5
14,"I looked around once more, but still found no one.",26,31,-5,5
15,I decided to take a break and walk to the church.,94,98,-4,4
3,I had just started my first job at a local bookstore.,92,96,-4,4
52,"Sometimes, when I'm feeling lost or uncertain, I think back to that day.",18,22,-4,4
26,"I said, ""God, I don't know how to pray properly.",47,44,3,3
22,I had my share of mistakes and misdeeds.,17,20,-3,3
9,"As I was shelving books, I suddenly heard a voice inside my head.",96,99,-3,3
36,"To my surprise, I found my grandpa sitting in the living room, talking to my sister.",98,100,-2,2
30,"I resumed my work, shelving books.",34,36,-2,2
12,"I continued with my work, trying to ignore the voice.",33,32,1,1
48,We cherished every moment we had with him.,25,24,1,1
46,My grandpa lived for many more years after that incident.,78,77,1,1
18,I was not a particularly religious person.,58,59,-1,1
54,"And I am reminded that we are never truly alone, even when it seems like we are.",11,12,-1,1
