segment_id,segment_text,real_p_caught,gpt4o_emulated_p_caught,diff,abs_diff
43,I often thought back to that day in the church.,27,100,-73,73
7,"There were only two of us siblings, my sister and me.",57,0,57,57
45,"I couldn't be sure, but it definitely changed my perspective on faith and the power of prayer.",51,100,-49,49
1,"Let me share a story from when I was twenty-two years old, just fresh out of college.",81,33,48,48
49,That experience happened almost twenty years ago.,45,0,45,45
29,"After saying my prayer, I returned to the bookstore.",65,22,43,43
8,My parents had gone out of town for the weekend.,41,0,41,41
40,He gradually regained his strength and independence.,60,100,-40,40
11,"I looked around the bookstore, but no one was there.",39,0,39,39
35,I locked up the store and rushed home.,59,22,37,37
18,I was not a particularly religious person.,58,22,36,36
39,That day marked the beginning of his recovery.,64,100,-36,36
30,"I resumed my work, shelving books.",34,0,34,34
47,He celebrated his ninetieth birthday surrounded by family and friends.,76,44,32,32
16,"I was only a short distance away, maybe a quarter-mile.",31,0,31,31
44,I wondered if my prayer had anything to do with my grandpa's recovery.,48,77,-29,29
33,I didn't hear any voice this time.,38,11,27,27
14,"I looked around once more, but still found no one.",26,0,26,26
34,It was just an overwhelming feeling that I needed to go.,41,66,-25,25
46,My grandpa lived for many more years after that incident.,78,55,23,23
31,"Suddenly, I felt a strong urge to go home.",77,100,-23,23
12,"I continued with my work, trying to ignore the voice.",33,11,22,22
53,I remember the power of faith and the miracles it can bring.,44,22,22,22
50,It remains a vivid memory in my mind.,21,0,21,21
21,I admitted to myself that I was far from being a saint.,20,0,20,20
24,"Finally, I went inside the church and found a candle.",86,66,20,20
25,I knelt down in front of the altar.,68,88,-20,20
4,"It was a quiet afternoon, and I was alone in the store.",30,11,19,19
17,"As I approached the church, I hesitated for a moment.",37,55,-18,18
37,He hadn't been able to leave his bed for months without assistance.,84,66,18,18
52,"Sometimes, when I'm feeling lost or uncertain, I think back to that day.",18,0,18,18
32,It was as if something was pulling me towards the house.,37,55,-18,18
20,"On the other hand, she also said that prayers without faith were useless.",51,33,18,18
13,"It spoke to me again, repeating the same message.",83,100,-17,17
22,I had my share of mistakes and misdeeds.,17,0,17,17
27,But I am asking you with all my heart to heal my grandpa.,84,100,-16,16
42,We became more grateful for the time we had together.,16,0,16,16
2,I was staying in a small town about five miles from here.,14,0,14,14
26,"I said, ""God, I don't know how to pray properly.",47,33,14,14
28,"Please help him regain his strength and guide us in taking care of him.""",76,88,-12,12
54,"And I am reminded that we are never truly alone, even when it seems like we are.",11,0,11,11
38,My sister told me that he had suddenly felt a surge of energy and was able to stand up and walk.,75,66,9,9
51,"My grandpa passed away a few years later, but his spirit lives on in our hearts.",41,33,8,8
3,I had just started my first job at a local bookstore.,92,100,-8,8
19,I remembered my grandma always saying that prayers from a sincere heart could bring miracles.,59,66,-7,7
10,"It said, ""If you go to the old church down the street and light a candle for your grandpa, he will get better.""",93,100,-7,7
15,I decided to take a break and walk to the church.,94,100,-6,6
9,"As I was shelving books, I suddenly heard a voice inside my head.",96,100,-4,4
6,"She had to care for him daily, as he couldn't move around on his own.",81,77,4,4
48,We cherished every moment we had with him.,25,22,3,3
5,"My grandpa, who had been bedridden for almost a year, was at home with my sister.",91,88,3,3
41,It was a turning point in our lives.,31,33,-2,2
36,"To my surprise, I found my grandpa sitting in the living room, talking to my sister.",98,100,-2,2
23,I thought about my grandpa and how much he meant to our family.,11,11,0,0
