segment_id,segment_text,real_p_caught,gpt4o_emulated_p_caught,diff,abs_diff
49,That was the turning point in his recovery.,34,75,-41,41
4,And uh I was working as a graphic designer.,55,93,-38,38
15,and found a quiet spot there.,41,79,-38,38
52,"It's been, what, six or seven years since then?",58,23,35,35
3,I had just started my first job.,56,90,-34,34
2,I was living in a small apartment near the city center.,65,96,-31,31
6,He had to use a wheelchair to get around.,63,94,-31,31
12,I looked around my office.,41,14,27,27
46,and saw my father standing in the living room with the help of his walker.,63,89,-26,26
8,My younger sister was away at college –,48,72,-24,24
51,and regained most of his mobility within a year.,52,76,-24,24
13,I didn't see anyone nearby.,37,15,22,22
47,He hadn't been able to do that in months without assistance.,44,24,20,20
45,I rushed home after work,43,62,-19,19
29,And that it doesn't hurt to try.,44,25,19,19
39,I opened my eyes,5,23,-18,18
24,I was sitting under a big oak tree now.,52,70,-18,18
18,I still didn't see anyone nearby,29,13,16,16
19,but I decided to take a chance.,21,37,-16,16
53,My father is now able to walk without any assistance.,80,94,-14,14
20,"I wasn't too far from my office, maybe a ten-minute walk.",26,12,14,14
9,so it was just my dad and the neighbor lady at home during the day.,68,55,13,13
34,and then I closed my eyes,24,37,-13,13
22,that feeling came back once more.,23,11,12,12
1,Let me share a story from when I was twenty-one years old.,66,54,12,12
41,"Suddenly, I received a text message from my father.",87,98,-11,11
17,I looked around once more.,25,15,10,10
26,Nobody was around.,27,18,9,9
30,"I knew I wasn't perfect, but I wanted to help my dad.",30,39,-9,9
21,I found a bench to sit on and closed my eyes – uh – uh –,63,72,-9,9
37,But I ask you to please help my father recover.,71,80,-9,9
42,"It said, ""I just took a few steps with my walker.""",92,100,-8,8
54,"He's living life to the fullest, even in his seventies.",41,33,8,8
14,"So, I went to the park during my break",92,100,-8,8
36,"I whispered, ""God, I don't know if you're listening.",33,26,7,7
40,and went back to work.,37,43,-6,6
16,That feeling came back again.,30,24,6,6
44,It felt like a sign that my prayer had been heard.,29,24,5,5
25,I looked up at the branches above me.,16,11,5,5
28,I had been taught that prayers can make a difference.,45,50,-5,5
38,"So he can regain his independence and enjoy life again.""",51,46,5,5
43,I – I couldn't believe it.,26,30,-4,4
10,"One day, I got this strong feeling while I was at work.",93,97,-4,4
33,I looked around one more time,18,14,4,4
35,and said a quiet prayer.,74,71,3,3
48,"And there he was, taking small steps.",25,28,-3,3
11,"It told me: ""If you go to the nearby park during your lunch break and pray for your father's recovery, he'll start to improve.""",85,87,-2,2
7,"The only person there with him during the day was a kind neighbor, a lady in her sixties.",85,87,-2,2
5,"My father, who was recovering from a surgery, hadn't been out in – in uh – well I'd say about eight months.",94,96,-2,2
27,"And uh I said to myself, well now,",4,5,-1,1
31,I'd admit that to anyone.,7,6,1,1
23,I just took a deep breath.,5,4,1,1
50,He continued to improve,58,57,1,1
32,But I was willing to give it a try.,28,28,0,0
