segment_id,segment_text,real_p_caught,gpt4o_emulated_p_caught,diff,abs_diff
52,"It's been, what, six or seven years since then?",58,0,58,58
8,My younger sister was away at college –,48,0,48,48
4,And uh I was working as a graphic designer.,55,100,-45,45
3,I had just started my first job.,56,100,-44,44
12,I looked around my office.,41,0,41,41
37,But I ask you to please help my father recover.,71,33,38,38
40,and went back to work.,37,0,37,37
13,I didn't see anyone nearby.,37,0,37,37
2,I was living in a small apartment near the city center.,65,100,-35,35
28,I had been taught that prayers can make a difference.,45,11,34,34
29,And that it doesn't hurt to try.,44,11,33,33
16,That feeling came back again.,30,0,30,30
35,and said a quiet prayer.,74,44,30,30
54,"He's living life to the fullest, even in his seventies.",41,11,30,30
18,I still didn't see anyone nearby,29,0,29,29
44,It felt like a sign that my prayer had been heard.,29,0,29,29
38,"So he can regain his independence and enjoy life again.""",51,22,29,29
26,Nobody was around.,27,0,27,27
43,I – I couldn't believe it.,26,0,26,26
15,and found a quiet spot there.,41,66,-25,25
17,I looked around once more.,25,0,25,25
51,and regained most of his mobility within a year.,52,77,-25,25
6,He had to use a wheelchair to get around.,63,88,-25,25
22,that feeling came back once more.,23,0,23,23
36,"I whispered, ""God, I don't know if you're listening.",33,11,22,22
47,He hadn't been able to do that in months without assistance.,44,22,22,22
1,Let me share a story from when I was twenty-one years old.,66,44,22,22
19,but I decided to take a chance.,21,0,21,21
9,so it was just my dad and the neighbor lady at home during the day.,68,88,-20,20
53,My father is now able to walk without any assistance.,80,100,-20,20
30,"I knew I wasn't perfect, but I wanted to help my dad.",30,11,19,19
50,He continued to improve,58,77,-19,19
33,I looked around one more time,18,0,18,18
32,But I was willing to give it a try.,28,11,17,17
25,I looked up at the branches above me.,16,0,16,16
24,I was sitting under a big oak tree now.,52,66,-14,14
48,"And there he was, taking small steps.",25,11,14,14
21,I found a bench to sit on and closed my eyes – uh – uh –,63,77,-14,14
41,"Suddenly, I received a text message from my father.",87,100,-13,13
42,"It said, ""I just took a few steps with my walker.""",92,100,-8,8
14,"So, I went to the park during my break",92,100,-8,8
10,"One day, I got this strong feeling while I was at work.",93,100,-7,7
31,I'd admit that to anyone.,7,0,7,7
5,"My father, who was recovering from a surgery, hadn't been out in – in uh – well I'd say about eight months.",94,100,-6,6
39,I opened my eyes,5,0,5,5
23,I just took a deep breath.,5,0,5,5
20,"I wasn't too far from my office, maybe a ten-minute walk.",26,22,4,4
27,"And uh I said to myself, well now,",4,0,4,4
7,"The only person there with him during the day was a kind neighbor, a lady in her sixties.",85,88,-3,3
46,and saw my father standing in the living room with the help of his walker.,63,66,-3,3
11,"It told me: ""If you go to the nearby park during your lunch break and pray for your father's recovery, he'll start to improve.""",85,88,-3,3
34,and then I closed my eyes,24,22,2,2
45,I rushed home after work,43,44,-1,1
49,That was the turning point in his recovery.,34,33,1,1
